800007650 12
008007650 12
800607005 12
087650000 12
807605000 12
080007650 11
008007605 11
078000605 11
087000605 11
007800605 11
807005600 11
807000065 11
807600005 11
007080650 11
087600050 11
807500600 11
807000560 11
087060005 11
008067005 11
608007500 11
000087605 11
607080050 11
607008005 11
680007050 11
687000005 11
608007005 11
678000005 11
008607050 11
008000657 11
000080657 11
800000657 11
800057600 11
857000600 11
008070650 11
678050000 11
007058600 11
080607005 11
080657000 11
800000675 11
078605000 11
087605000 11
807065000 11
870605000 11
867050000 11
067805000 11
607058000 11
607850000 11
507800600 11
507008600 11
508007600 11
578000600 11
000507680 11
008607005 10
080057600 10
080607050 10
008507600 10
008607500 10
800607500 10
008007065 10
800070605 10
800007560 10
708000605 10
078000650 10
078000065 10
070800605 10
870005600 10
870650000 10
070080650 10
078600500 10
078000560 10
870600500 10
007608005 10
007008650 10
007008065 10
000087065 10
007080605 10
087000065 10
087065000 10
007805600 10
807050600 10
807005060 10
007008560 10
087000560 10
087600500 10
087050060 10
087000056 10
087060050 10
807000506 10
807500060 10
008067050 10
867000050 10
067008005 10
067800005 10
000687500 10
680007500 10
687500000 10
680000057 10
680057000 10
608000507 10
000087650 12
678500000 10
607008050 10
608007050 10
008670050 10
600807500 10
670800500 10
607800050 10
600087050 10
600807005 10
607080005 10
607805000 10
670008005 10
680070050 10
608070005 10
000680057 10
000008657 10
008050607 10
657008000 10
657800000 10
658007000 10
000800657 10
857600000 10
800050607 10
800600057 10
000007658 10
000600857 10
000857600 10
057800600 10
800057060 10
000078650 10
058007600 10
008007056 10
078650000 10
007658000 10
007050608 10
670850000 10
007058060 10
007008056 10
708050600 10
078050060 10
078000056 10
000800675 10
000805607 10
008005067 10
080670005 10
080650007 10
008605007 10
078006005 10
008005670 10
805000607 10
800605007 10
800005670 10
800675000 10
605807000 10
000005867 10
000605807 10
085007600 10
607800500 11
805070600 10
805007060 10
780600005 10
708605000 10
007005068 10
070005608 10
007605008 10
007605800 10
070680005 10
675008000 10
675800000 10
075008600 10
075800600 10
875000060 10
860700500 10
860057000 10
067058000 10
067005800 10
067085000 10
600050807 10
600857000 10
000657800 10
000057680 10
607050800 10
000500687 10
080050670 10
508607000 10
000507608 10
000087560 10
570800600 10
507000608 10
507800060 10
000570680 10
678000050 10
570008600 10
507008060 10
580007600 10
587000060 10
508070600 10
578000060 10
567800000 10
600007580 10
670500800 10
670580000 10
008000675 9
008670005 9
000080567 9
080007560 9
080670050 9
080067050 9
008500607 9
008507060 9
008067500 9
008600507 9
008670500 9
800070650 11
800570600 9
800507060 9
800067500 9
800600507 9
800670500 9
508007060 10
000078605 9
080700650 9
080007065 9
080070605 9
007600085 10
008700605 9
008070065 9
008075600 9
000807065 9
800070065 9
000807560 9
800070560 9
800007506 9
080007056 9
708000650 9
700008605 9
708000065 9
708005600 9
700080650 9
080700560 9
780050600 9
780600050 9
708500600 9
708000560 9
070008650 9
078600050 9
070008065 9
070080605 9
070805600 9
078060500 9
070680050 9
670080500 9
078500060 9
078000506 9
070800560 9
870000506 9
007000658 9
007608050 9
007080065 9
087005060 9
007800560 10
007000865 9
007600805 9
007805060 9
007860005 9
807050060 9
807006005 9
807000056 9
007600508 9
007680500 9
607500800 9
607000580 9
007580600 9
007508060 9
007008506 9
007080056 9
007800506 9
087000506 9
087060500 9
087006050 9
807006500 9
860507000 9
806007500 9
086007050 9
865007000 10
008076005 9
708006005 9
007086005 9
876000005 9
876000500 9
067508000 9
860000507 9
068000507 9
068507000 9
000067508 9
067008050 9
068070500 9
068007050 9
060807500 9
860070500 9
860007050 9
060087050 9
067080005 9
000067805 9
067000805 9
060807005 9
860070005 9
068070005 9
768000005 9
608000057 9
608057000 9
608005007 9
607500008 9
600500807 9
607580000 9
600800507 9
000680507 9
680000507 9
680507000 9
680050007 9
608500007 9
608000570 9
608570000 9
600007508 9
000678050 9
670008050 9
608700500 9
608070050 9
600807050 9
000607850 9
670800050 9
607000850 9
600087005 9
600007805 9
600005807 9
600000875 9
600870005 9
000670805 9
000070685 9
670805000 9
607005008 9
607005800 9
607085000 9
600780500 9
600078005 9
680700050 9
680070005 9
608700005 9
008050067 9
000607058 9
058607000 9
000058607 9
008650007 9
080070650 10
658000007 9
650807000 9
657080000 9
000850607 9
800050067 9
850000607 9
850607000 9
800650007 9
800750600 9
000057608 9
000070658 9
057080600 9
000650807 9
000060857 9
000857060 9
850007060 9
800057006 9
857000006 9
000708650 9
058007060 9
008057006 9
050007680 9
708650000 9
070658000 9
070050608 9
007650008 9
007650800 9
007050680 9
670050008 9
670050800 9
700058600 9
070058060 9
070008056 9
007058006 9
758000600 9
078050006 9
000085607 9
000080675 9
000805670 9
605008007 9
005000687 9
000605087 9
607508000 10
000805067 9
008065007 9
085607000 9
080605007 9
080675000 9
080050607 9
080650070 9
685000007 9
800060075 9
805600007 9
805000670 9
800600705 9
800605070 9
865000007 9
005007608 9
065807000 9
605870000 9
605000087 9
605087000 9
605078000 9
685070000 9
005080067 9
005000867 9
000065807 9
000605870 9
065000807 9
605000870 9
005870600 9
005807060 9
085007060 9
805700600 9
865070000 9
805070060 9
700005608 9
700000685 9
705008600 9
705800600 9
780060005 9
708065000 9
785000600 9
780605000 9
007065008 9
607000085 9
070605008 9
075608000 9
805007600 11
005070680 9
005607080 9
675000008 9
075008060 9
075800060 9
070865000 9
875060000 9
060800057 9
806000057 9
860050007 9
860700050 9
060050807 9
067050008 9
000687050 11
067050800 9
000580607 9
005008607 9
500000687 9
500800607 9
580000607 9
080500670 9
580607000 9
508000067 9
508600007 9
508000670 9
500007608 9
000507068 9
500080067 9
500087600 9
500870600 9
500807060 9
000587060 9
000507860 9
000087506 9
570000608 9
070500680 9
800067050 10
570608000 9
507000068 9
507068000 9
507600008 9
507000680 9
507680000 9
507080060 9
507800006 9
507860000 9
587060000 9
500070680 9
058000607 9
500078600 9
507008006 9
580070600 9
580007060 9
587000006 9
508700600 9
508070060 9
578060000 9
568000007 9
560000807 9
560807000 9
500067800 9
500607080 9
060500870 9
060507800 9
060007580 9
600570800 9
600507080 9
670500080 9
568070000 9
000008675 8
000678005 8
008600075 8
605800007 9
000607508 8
000508607 8
000008567 8
000608507 8
000678500 8
000578600 8
000600587 8
000800567 8
080570600 8
080057006 8
080070560 8
080600507 8
080670500 8
008570060 8
008070506 8
008567000 8
008600570 8
008006057 8
800507006 8
800500067 8
800600570 8
000007568 8
000078560 8
008700560 8
000780650 8
000700685 8
080750600 8
080070065 8
008700065 8
008075060 8
780000650 10
000600875 8
000870560 8
000807506 8
080070056 8
708060005 8
700008065 8
700080605 8
780000065 8
780005600 8
708005060 8
700800650 8
700800065 8
700800560 8
000780560 8
685007000 10
080700506 8
780500600 8
800075600 9
780000560 8
008706500 8
708060500 8
708006050 8
078006500 8
078056000 8
070000658 8
070608050 8
070080065 8
070085600 8
070000865 8
867000005 11
070850600 8
070805060 8
875600000 10
870005006 8
500807600 10
870006005 8
870060050 8
870600050 9
870500006 8
070000568 8
070068500 8
070600508 8
070680500 8
000670580 8
807060050 9
070580600 8
070508060 8
070080056 8
070800506 8
870006500 8
007068050 8
007600058 8
078560000 8
007085060 8
800670050 10
004230010 10
080000567 8
000568070 5
200300401 9
002300401 9
500006708 3
000706085 5
420010300 9
201034000 9
200010043 7
104200300 9
607000508 10
014020300 9
204003010 8
001320004 9
006050708 2
002310004 9
021400003 6
002301040 9
000500867 8
014302000 9
130020040 4
400030120 9
070850060 7
300020041 9
508670000 9
000430102 9
005700806 5
031020004 9
034020001 9
034002010 9
324000100 9
700800506 7
587600000 10
020010304 9
000020134 9
430120000 8
000020341 11
043200001 8
003214000 6
002100304 9
002030014 9
800070056 7
675080000 9
002000134 9
200003410 6
070605800 9
004032100 9
000034012 10
402000130 9
200031004 9
706800500 7
870060500 9
231000004 9
010430020 5
300040201 10
310204000 9
560008700 6
200014300 9
000230041 10
200034001 9
600750080 4
213400000 6
700680005 9
002004103 7
000234010 9
020034010 9
420103000 7
500000876 7
234000001 9
204031000 9
034200010 9
050600780 3
060708500 7
034201000 9
012340000 8
850060700 5
067005008 10
304210000 9
200031400 7
200340100 9
004230100 9
200000134 9
080700065 7
024003010 9
214030000 9
013204000 5
300410020 6
402010003 6
024000310 10
004100203 9
004023100 9
310000402 9
104320000 9
014030200 9
507006008 7
004030120 9
050608700 5
042003100 6
000104230 9
000807605 10
104000230 9
008057600 11
300120040 6
056807000 7
000130204 9
000230104 9
780000506 7
320010004 9
020310040 9
012000304 9
000413020 5
000034102 9
078005006 8
050060708 3
086700050 7
024300001 12
086050700 5
008705060 7
076800500 8
042000031 10
102300004 7
000040132 9
103204000 4
140200030 9
706000805 6
030420001 8
104002300 9
000102340 9
000102034 9
750060080 4
402000013 7
040312000 9
400200013 8
002340100 9
800760050 8
320040100 9
687000500 11
034010200 9
300014200 9
000314020 9
001034200 9
010003042 7
304010020 9
080000675 10
030004210 9
030004021 9
080050760 6
005700608 7
685000700 7
300400201 9
300010024 9
500068070 6
030001240 9
012000430 6
005007860 8
400310020 8
400001302 11
006705800 4
030004012 9
030002014 9
000240103 7
300420001 9
700508600 8
300042001 9
004120003 7
200100430 6
780005060 7
302400100 9
500070068 7
000123004 6
301002400 9
310004200 10
010004320 9
010040302 9
085070600 9
003140200 5
000870650 10
004310020 10
010004032 9
000086507 5
000014203 9
423010000 5
310004020 9
301000402 10
000310402 9
000760508 5
000203041 9
210030004 9
200310400 9
002040103 6
850000670 8
001400302 9
002130004 7
031040002 9
708600005 9
670000805 9
031040200 9
807060500 10
204010003 8
010002340 9
850007600 10
103000204 6
000607805 10
001030042 9
060008057 7
001000432 9
060580007 6
000031402 9
043000210 8
000030421 9
031000402 9
057000608 9
041320000 10
007005608 11
004120300 9
301000420 9
001230004 9
008576000 6
020314000 9
507806000 8
000231040 9
040020103 9
140020300 9
031200040 9
600000587 9
076005008 6
708506000 6
300012004 9
340102000 7
080056007 6
020301400 9
002031400 9
120400300 4
124000030 6
800500760 6
130200040 5
000087056 8
240000301 11
201300400 9
200401030 9
200304100 8
201004003 9
201003004 9
400032001 9
760005080 5
057000806 7
760000850 6
430000102 9
675000080 8
400032100 9
020000431 8
087050006 9
402000031 9
432000001 9
400102030 9
400002103 9
005080670 7
012300004 8
003420010 6
410000302 9
400010320 9
700805600 8
040310020 9
040003012 9
004013002 9
240000310 10
400020031 9
401032000 7
076500008 6
200010340 9
302041000 9
005000876 7
600700805 7
400030021 9
040010203 9
401300002 9
050807006 7
431000002 9
006085700 3
024001030 9
003040012 7
004021003 9
040001023 9
010302004 9
070050860 6
000007865 8
000006875 6
001042300 9
420001030 9
024030010 10
402031000 9
050008670 7
103200400 3
041200030 9
000230410 8
700506008 4
087050600 11
005860007 7
000402130 9
003204010 7
241030000 9
100200430 6
060875000 7
010420003 4
000870065 8
030024100 6
400010230 9
010024003 6
400230100 9
203040010 5
750000680 6
400030210 9
302001004 11
006000758 3
700506800 4
430020001 9
030020041 8
400230001 9
003210004 7
576000080 6
400201030 9
431000200 9
780000056 8
030410020 5
040210030 9
023000104 5
040200013 9
130204000 5
001302040 9
004013200 9
300020401 8
004012003 9
765000800 7
507600080 8
200001430 8
430010200 7
002400310 8
100003204 7
341020000 11
700006508 5
005007806 7
002041030 8
020410003 6
200130004 7
002300410 8
000032014 10
402301000 8
003010204 8
300100204 9
000706850 3
010024300 8
000401230 9
010204030 8
000001324 12
060000857 8
020300041 9
124300000 8
006005087 6
210040003 9
067850000 10
002010340 9
001320040 8
300410200 7
020400310 9
310020040 8
340000120 8
024010030 8
012004300 8
300421000 8
012000034 8
000806570 5
020031004 10
030021004 8
003004201 9
034012000 8
042310000 8
320014000 8
760058000 6
000124300 8
007000856 7
032004100 8
020100304 8
032040100 7
500006780 2
004210003 9
000120034 8
000024130 8
210300400 8
700500086 4
007508600 10
000024013 8
020030014 8
240130000 6
060085700 4
020300104 8
420000013 8
076080005 7
087000650 12
420030010 8
420000130 8
400020103 8
002014030 8
200430001 9
100004302 9
003020014 7
002003041 8
034100020 7
000402310 9
002300140 8
860705000 7
008007506 9
002400130 8
300200401 9
000430201 9
040032100 8
042003001 8
002300104 9
401000023 7
580076000 6
750000068 6
013400020 3
000240130 8
200031040 8
006087050 8
678005000 10
230400001 8
002310040 8
000042031 10
030204010 8
700680050 8
300214000 8
200014030 8
200034010 8
000423001 8
708500006 7
006000857 7
020001340 9
304000120 9
340000021 10
000302140 9
403010020 5
000876050 5
034200100 8
000201043 9
123000004 3
607050080 9
040003210 9
687005000 10
034210000 8
400231000 8
042000103 7
200004013 8
000100342 10
040230100 8
000010432 9
204000103 8
024003100 8
700086005 7
040201003 9
230041000 8
002100034 8
200403001 8
000230140 8
140300200 8
040100203 8
040003102 8
040130200 8
300002104 9
040120003 8
004000123 9
300410002 7
600500870 10
400000123 9
100043020 4
004103002 8
023104000 3
000240013 8
210000340 10
580000076 6
004103200 8
070080560 8
000102430 7
020013040 5
007068500 9
500680700 5
080050706 5
014023000 8
600080507 8
012030004 7
042001030 9
605007800 9
600000785 5
140230000 8
080050067 8
070506008 5
104203000 8
700065080 6
000103204 8
210304000 9
000304120 9
010200430 7
240000130 8
070860005 8
000002143 8
042010030 8
000203104 8
400000132 11
200410300 9
100402030 5
410200030 7
000230014 10
006580700 3
001034020 8
560800700 6
600875000 8
014200030 9
400103020 7
805607000 10
014030020 8
013240000 6
000430120 8
004130020 8
100004230 8
400200301 11
000140230 8
020104300 7
000003142 8
032010004 9
607005080 8
140000230 8
200301400 8
300100240 8
003010402 6
065700008 6
086000057 8
100200034 8
100300240 8
104000032 9
042030100 7
002430010 6
000402031 9
030100204 8
100402003 4
070500608 8
030000124 8
056007080 5
030010042 8
507608000 10
300020104 8
580060007 7
300200140 8
243001000 6
040002130 9
000650708 5
008500067 8
080075006 6
080005067 9
020310400 8
030004102 8
060870500 8
030002104 8
030000142 8
800070506 8
860005700 6
300104002 8
300100042 8
120300004 6
000324001 10
806050700 6
500067008 9
300002140 8
000342100 8
068070050 8
600078500 9
340100002 8
006805007 6
320010040 8
658700000 8
000042130 8
120004300 6
003100042 6
670005008 8
340200100 8
140020030 8
800006075 8
020004130 7
014200003 8
085007006 8
020001043 7
050076800 4
560708000 7
100302004 8
000132004 8
050007068 7
000875600 8
080600570 7
302100004 9
000130042 8
010032004 8
500806007 6
031042000 8
240001030 9
000056708 1
102000340 7
431002000 8
301400200 9
102304000 8
070608500 9
301200400 9
012034000 8
057608000 9
007006085 8
057008600 10
032000140 8
680075000 8
032100004 8
401320000 9
324010000 9
100400230 6
032014000 8
002134000 8
302040100 8
800700605 9
070580060 7
302104000 8
086507000 7
320140000 8
060508700 5
040031020 9
030014200 8
210030040 8
020340001 10
080576000 5
806500007 7
700500608 7
040032010 9
075000860 8
320410000 8
034010020 8
300014020 8
003040201 8
506807000 8
000104320 9
030041200 8
608050007 8
078600005 10
001002340 10
300401200 8
065080070 6
506800700 5
050807060 8
310400200 8
005670008 7
030000421 8
340021000 10
001302400 8
003004012 8
032401000 7
040200301 12
200013004 7
003200041 8
030042100 6
010324000 9
086007005 8
008005607 11
300201400 8
007605080 9
030014002 8
030041002 8
030400102 8
000103042 7
570806000 7
030042001 8
857060000 9
030012004 8
040102003 7
340200010 9
003001024 8
040102300 9
231000400 7
023004010 5
030000412 8
030201040 8
032400100 8
060000587 8
402001300 9
032010040 8
004203100 8
240300100 8
032041000 8
300401002 8
008057060 10
000324010 9
001003420 6
000075860 6
300010402 8
060700508 6
100400023 4
056000708 3
005806700 4
010300042 9
300002410 8
302400010 8
006008750 4
070056800 4
760850000 6
001203004 8
030400021 7
056070008 5
001020034 9
310002400 8
030210400 6
000760058 4
030002041 9
000340210 10
000412300 8
000806507 6
000402103 8
300240010 8
560000708 5
004120030 8
000041230 10
000410032 8
657000800 9
600070508 8
014000023 8
507080600 10
750060008 5
000204103 8
100032004 7
004030102 10
056008700 4
008056070 6
010040230 8
010243000 7
008050670 9
010004203 8
508060070 7
000403102 8
230100040 5
413020000 3
300004102 9
400020130 9
400310002 9
000430012 8
000400213 8
000043210 8
413002000 4
700560800 5
650007008 8
000002413 8
000340012 10
007850600 9
004001203 11
003014002 7
000120304 9
075006800 6
000670850 8
200301040 9
010000432 8
040020013 10
000401320 9
420300100 8
006070580 7
000013042 8
200003041 8
003021040 6
000003412 8
800700065 8
001002403 7
040102030 8
010000243 8
031020400 7
300412000 6
004300012 12
032004010 9
300041002 9
300204100 8
000420013 8
010240003 8
000210430 8
201040030 9
204003001 9
870000605 11
000210043 8
806000570 7
650007080 7
210000043 8
870560000 8
210000430 8
001400320 8
302401000 8
201043000 7
001402300 8
301004002 11
000401203 8
001400230 8
203010040 5
040203001 9
100200340 8
000431002 8
500078060 8
030204100 7
030024010 7
301400020 8
030001042 9
001004023 8
000041023 8
000302014 11
050608070 6
000021430 8
001002043 8
006085070 4
706508000 6
005078006 7
300000142 9
000001423 8
087500600 10
002004013 8
020430001 8
001300420 8
130020004 5
004020103 8
600785000 6
400203001 8
000231400 8
300100402 7
021000430 8
100203004 6
007680005 11
040003201 10
021040030 8
500700068 6
021004003 8
200401003 8
000213400 6
200431000 8
231400000 8
201040003 8
210400003 8
210430000 8
000243001 8
430000021 8
002310400 7
240003001 8
003001204 9
000134200 8
134200000 6
042301000 9
680700500 10
430001002 8
043000021 8
200104300 8
304001002 11
100240003 7
400132000 8
023410000 4
432001000 8
420100003 8
020130400 4
043000012 8
301402000 8
057860000 8
400012030 8
021300040 9
043010002 7
400002013 8
765080000 7
410000320 8
021034000 10
000700856 4
400100023 8
010340200 10
310042000 8
203000401 6
002301400 8
570800060 9
400123000 8
800700650 10
200430010 8
040010023 8
085000706 5
056000870 6
401020300 8
005706800 4
400001023 8
600058070 6
400031020 8
780600500 8
040021003 8
140320000 8
210034000 8
865700000 8
003204100 6
320000041 10
608005700 7
410200300 8
805007006 9
860050070 8
102030004 6
043020001 9
401000203 8
060007085 7
080007605 10
312040000 9
041003200 8
104000203 8
500600780 4
400203100 8
600780005 7
650870000 8
006700508 5
100430002 5
241003000 8
003100420 4
400001203 9
400103200 8
203014000 5
002140003 5
400230010 8
700005680 8
430001200 8
760580000 6
570006080 5
430100200 8
078050600 11
800500607 9
430200001 8
000203401 8
043020010 8
430000012 8
043001200 8
034010002 9
200004130 8
201030400 8
600070850 7
000142300 8
060700580 7
004213000 8
020004031 11
100000234 9
000031420 8
030020401 7
320400010 9
400320100 9
203400100 5
014003200 8
140000302 9
403102000 6
230000401 7
204100300 9
020030401 7
070856000 5
070068050 7
200000413 7
000506078 3
085000670 8
300400021 8
800567000 8
030420010 7
580006700 4
700800056 6
056007800 6
001320400 7
200040130 7
020001430 7
200010430 7
100003402 5
000034021 10
000706508 4
300402100 8
000430021 8
021030040 8
700068050 6
002401030 7
002010430 7
100200304 9
400002310 10
321000400 9
076500080 5
000608075 7
002030410 7
020410030 7
024130000 8
200410003 7
000041320 10
020410300 8
000213004 8
000705068 7
412000300 7
402010030 7
043021000 8
104002003 7
003000214 9
300100420 6
420010003 7
401030200 8
057006080 5
100204030 7
005870006 7
104200003 7
034000012 10
768000500 9
000420301 9
760800050 7
312000004 9
870050600 9
120000304 7
102400030 4
301002004 11
300000124 9
120304000 7
100240300 9
032104000 7
021000304 11
000867005 10
000401032 9
002030104 8
102000034 7
003004021 8
210043000 8
012004030 7
021304000 11
000200143 8
012300040 7
007085600 9
142000300 7
400003210 8
057080060 8
800570006 7
140302000 7
102340000 7
030021040 7
003042100 5
067580000 8
010003204 8
210000403 7
300420010 8
003020041 7
000032140 8
401203000 6
002140030 6
103004200 5
401003200 7
041230000 8
060700805 6
000100243 8
003021004 7
000341020 9
100400302 7
100203040 5
100324000 8
005780600 7
034102000 7
304120000 7
070806005 7
658000070 8
700005860 6
020100034 7
800705600 8
300124000 6
020004013 7
000140023 6
100023040 4
140003200 6
705000860 7
070058600 10
700680500 7
140023000 6
100003042 6
000608057 9
650700008 6
607050008 10
560087000 8
403100200 7
430100020 7
010042300 8
002130400 5
003200401 7
006007508 7
805760000 7
100003240 6
800607050 11
000013204 9
104023000 7
687050000 11
000102403 6
012003400 4
400031200 9
570000068 8
078060050 8
000120043 6
000023140 6
006700580 6
001040320 9
040200310 11
800760005 9
013000042 6
134000020 6
506700800 5
007008605 11
200041003 9
130400002 4
304200010 10
000003421 8
008765000 8
200043010 6
321000040 10
124000300 7
040103200 7
050000768 4
020030410 6
580070060 8
030020140 6
240103000 5
302100400 7
070065080 7
060700085 5
004001023 10
340001200 10
006780500 7
300102400 6
076000085 6
342010000 9
030014020 7
080750006 6
014000230 10
500600087 8
100002430 6
000104032 9
200030401 8
230401000 7
000768050 5
420001003 8
030000241 10
001432000 6
506007080 6
021003400 6
410032000 6
200100340 8
807600500 11
132004000 6
000412030 7
402001030 8
030040210 8
003400021 6
002040130 7
050670080 7
402001003 7
867000500 11
042010003 7
003421000 6
021400030 7
007086050 8
002103040 5
003210040 6
060570800 8
003410020 4
560008007 8
032140000 6
003204001 8
400100230 10
003200410 6
706000850 5
000243010 7
140030200 7
000203140 7
032001400 8
340200001 10
040030120 8
560070008 7
310000420 8
500080076 5
608000750 7
403000210 7
068007005 10
432100000 8
013002004 6
041030002 9
000103402 6
214000030 10
000214030 9
041300020 9
203010400 4
003400210 6
301042000 9
020401030 8
030004120 7
030420100 6
003002410 6
013020040 4
003100402 5
056700800 4
075080006 7
030201004 9
100020340 7
003402001 6
400320010 10
087006005 10
021400300 8
103402000 2
120000034 6
104003002 7
000013420 6
010342000 9
070060058 6
010203040 6
000605708 6
050060870 6
041032000 8
130020400 3
006000875 7
600800570 8
120000430 4
070500086 5
000508076 5
003401200 6
506080700 4
100042300 7
020003014 7
001403002 6
400210003 7
001400023 6
000234100 8
410200003 6
004102030 9
807000650 11
001402030 7
680007005 10
675000800 9
000143002 6
020401300 9
240300010 9
100304002 8
042130000 6
003000241 9
201030040 9
430000120 8
400030102 10
340012000 8
201403000 6
700086500 5
007508006 8
000204013 9
057600008 8
578000006 9
403001020 6
705080060 7
005807600 10
500008067 8
130004002 6
100043002 5
000431200 8
304200100 9
200300140 8
700006850 4
304100002 9
430012000 6
420030100 7
042103000 5
043012000 6
607000058 9
103000042 5
075806000 7
002104300 8
040002310 11
214000003 9
004020013 9
030410002 6
800500076 6
401020003 6
403021000 7
401003020 6
100230004 7
002400301 9
005807006 8
020300140 7
700806500 6
013000024 6
403200010 6
056080070 4
320000401 9
420003001 8
403010200 6
134000200 7
400003201 9
003400012 6
120030040 4
100023004 5
005680070 6
104020300 8
400213000 6
500007068 8
031002004 10
587000600 11
670005080 7
021003040 7
003040021 7
400103002 8
700006085 6
400003012 8
065008700 6
003020410 5
300000421 9
000005687 10
041030020 8
130040200 5
030102040 6
010002034 9
021030004 9
002413000 4
002103400 4
000312040 9
034000210 10
004100032 10
102300400 5
086000075 6
021040300 9
100040230 7
020040310 10
010304200 9
000058076 6
230014000 6
580000067 8
402013000 5
860007005 10
040100302 10
002030140 7
210300040 9
000132400 6
080060750 6
100203400 4
120040300 5
008750060 8
124000003 5
004210300 11
010420030 5
756080000 5
120004030 5
000012403 7
200000431 9
700050680 7
240003010 7
008070056 9
013000402 5
102004003 5
060705080 4
120040030 4
102030040 5
100002034 8
570008006 8
420030001 9
000204130 9
000314200 10
010023004 6
410230000 6
200030410 7
700080506 6
807000605 12
142000003 5
000506708 2
000050678 7
340000102 9
142030000 5
030010240 8
003041002 7
000020413 7
023001040 5
004020031 11
300400102 9
003120400 3
120000403 3
203410000 5
010230004 8
006057800 7
003420100 5
508007006 9
705080006 6
004200103 9
001420030 6
302010400 8
240001003 8
700506080 3
100020034 7
030124000 5
000658070 7
570080600 9
685000070 8
010402300 7
680000570 8
031020040 8
013004020 5
000432100 8
301040020 9
203000410 5
301040200 10
021003004 8
060057008 8
200013040 6
670508000 9
020104003 5
000587600 10
201300004 11
401000032 9
070056008 4
410003200 6
120400030 3
041002003 8
023010004 5
000670085 8
230040100 5
103042000 3
780650000 10
100403002 4
800076050 6
080760500 8
007006508 7
807600050 10
013040200 5
800056007 7
123000400 1
080500607 8
003042010 6
000785060 5
203400001 7
805000706 6
020403100 5
005068007 7
304012000 9
600500078 6
605008700 7
100304200 8
500780006 5
002410300 7
650008007 8
002040031 9
040200130 9
068000750 6
007500806 7
010402030 6
400030012 9
230400010 7
402103000 6
030400210 7
300001042 10
402130000 7
400010023 7
000320041 10
008657000 10
000805706 4
007000568 9
005070860 7
430000201 9
203004100 5
420000031 10
010023040 5
000302410 9
100340200 9
200140003 5
200103040 5
005008760 6
014032000 8
230000014 8
400003021 8
023401000 5
008065700 7
230104000 5
100003024 6
403002001 7
010304020 8
006080570 5
402000310 9
430002001 8
020034100 8
100000423 5
608075000 9
000032410 8
100024300 7
243010000 5
004301002 12
341200000 12
708050006 8
200013400 5
006000785 3
000065078 6
865000700 7
014002030 9
030400120 7
012040003 5
706580000 5
010430200 6
030120004 6
003024001 7
201030004 10
102000043 5
100020403 4
500600870 8
000413002 6
003040120 5
003100240 6
004130002 9
000785600 6
807500006 9
040100032 9
023001004 6
403020010 7
130002004 6
340100020 7
070086500 6
100024030 6
070650800 8
003120004 5
003020140 5
806700500 9
200000314 11
002100403 5
003124000 4
600080750 7
030104020 6
210003040 7
008075006 7
043001020 7
002100043 6
006007085 6
020140003 4
060008570 7
400201003 8
024000103 7
030140002 6
300400210 8
030104200 7
230140000 4
123040000 1
014003002 8
000043021 8
034002100 8
568007000 10
003140020 4
004003102 9
076080050 8
421000300 9
143000020 4
860000057 10
410002003 6
000805076 5
100040203 6
000750068 6
103040002 4
420003100 6
001230040 8
008605070 9
000403210 7
003001042 8
230010004 7
132000400 5
002031040 10
002041300 9
004030021 11
143002000 4
002040310 9
203100040 4
100042003 5
705060008 6
310002040 9
203104000 4
002000413 7
400020013 9
007005680 10
000410023 6
000860750 6
302000140 9
003041020 6
600057008 9
000021304 11
301020400 8
431200000 8
200143000 4
020430100 6
004321000 12
000201403 8
030410200 6
420013000 6
500008670 8
120040003 3
031400200 8
013420000 2
500800706 5
050706008 3
000850706 5
010040203 7
143020000 5
000014320 10
850760000 6
014000203 9
020000314 10
204100030 8
100003420 4
030040021 8
001204003 8
068500007 8
013400002 4
003000124 7
102003004 5
024100300 8
000756800 2
060780005 6
008675000 10
605000807 10
130400020 3
680070500 9
200304010 9
030200401 8
007006850 6
100030240 7
021030400 7
340002100 8
134000002 7
003120040 4
070006085 7
423000100 5
004201300 12
004010023 9
300020014 9
013400200 4
005060870 7
430021000 8
856000007 7
100300204 9
000130024 8
000041203 9
078005600 10
500607800 10
040010320 10
000001243 10
001203400 6
000687005 10
340201000 11
070086050 7
300041200 9
000023041 8
421003000 6
100432000 4
300001420 8
650000087 8
002001034 10
000410230 8
430020100 7
041020030 8
786500000 6
507000806 8
806070005 8
200130400 5
200100403 5
012403000 3
007050086 5
302010004 10
410030020 6
023000401 5
210004300 10
243100000 4
032100400 6
300204010 9
013200400 4
030010402 7
103000402 4
300024001 9
002010043 7
000013402 7
030201400 7
041003002 8
230010040 6
008570600 9
000706580 5
000860057 8
003014200 7
243000100 5
103002040 4
002400013 6
085670000 8
104200030 8
001020403 6
423100000 6
340010020 8
030210004 8
100004320 8
056000807 7
001043002 7
002010034 9
700650080 6
010043020 5
001032004 9
700560080 4
508700060 8
103020040 3
013042000 4
030402010 6
003412000 4
413000020 4
010200403 6
030012400 6
506708000 6
000856007 6
002043010 6
024030100 9
008070605 10
000050867 9
204010030 9
578600000 10
080506070 4
500000867 9
030020104 7
100000342 9
043100002 6
001030024 9
201430000 7
001030420 7
043100020 5
086000705 5
024010003 7
020400013 7
300041020 8
400013002 7
608005070 8
413200000 4
000142030 7
000140203 7
100002304 9
130000420 4
310200400 8
132040000 5
000104203 8
000857006 8
031000204 11
050070680 8
050800670 7
014002003 8
001043200 7
800560070 6
060075800 6
060080570 6
000104023 7
030102400 5
758600000 8
020340100 8
700605008 8
140003002 6
008560070 6
000103024 7
020130040 5
070586000 5
400023001 9
078006050 9
010020403 5
040200103 8
301240000 11
031400002 8
230004001 8
102400300 5
020103004 5
008760005 7
402000301 10
570800006 8
010403200 5
000012043 8
010030240 8
430210000 6
002430100 7
104003020 6
010400203 6
750060800 5
103200040 4
706000058 5
100023400 3
020300014 9
000401023 7
806007005 9
100200043 6
030140200 6
010003402 6
040100230 9
000100234 10
012030400 5
102403000 2
600080057 9
100400032 6
002104030 7
708060050 7
010004230 9
700008560 8
001300024 10
102400003 3
000003241 10
320104000 7
000400321 10
007865000 10
102040030 5
123400000 0
000043201 9
021043000 6
000324100 8
034100002 8
057000086 6
003402010 5
203100400 3
076005080 5
050067800 8
008000765 7
001020340 9
123000040 2
003020401 6
430010002 7
400010203 8
400021030 8
100320040 6
070056080 3
100000432 7
086050007 7
100400203 5
030104002 7
608507000 10
003010042 7
032010400 7
758060000 7
004132000 8
300142000 6
003410002 5
580600007 8
340010002 9
032000401 9
120430000 2
007685000 10
002003014 8
040201030 10
100000243 7
068050070 6
560007008 8
304002100 9
080000576 6
001423000 4
075000086 6
580700600 8
031400020 7
100030402 6
050086700 2
006507080 7
200004301 11
031002040 9
030140020 5
010340020 9
300400120 8
006500780 2
200003140 6
413000002 5
240000013 8
040021030 9
060857000 9
042300100 8
230100004 6
700580006 5
010034200 8
100340002 9
300024100 7
120000043 4
120034000 6
300402010 7
000420130 8
421000030 8
104230000 7
130420000 2
304100200 9
200001043 8
014020003 7
023040100 3
012400030 5
103040020 3
400300210 10
060057080 7
000410320 8
000023104 7
065700080 5
304020100 8
402003010 6
430200010 7
100430020 4
130040002 5
402310000 7
568000700 7
023100040 3
200400130 8
007680050 10
000100432 8
800006057 8
130000024 6
700056800 3
100042030 6
204001300 11
800060507 8
570006008 6
870000650 10
040012003 8
420300010 9
130004020 5
000750806 3
420301000 9
700006058 4
800060057 9
000120403 5
040030102 9
001400032 8
410000230 8
100403020 3
430010020 6
004013020 8
050708060 6
403100002 7
020301004 11
000410302 9
243000001 7
010400320 7
000134002 8
000304012 11
004002103 9
200001340 10
507060080 7
670080005 9
007805006 8
700586000 4
010020430 6
103004002 5
800050670 9
003402100 6
000658007 8
030142000 5
001430020 6
324000001 11
001300042 10
800500670 10
034000120 8
200403100 6
000560078 4
012430000 4
040000213 10
010203400 5
070006508 6
203000104 6
020134000 7
700000856 5
570068000 8
400032010 8
806050070 7
400023100 7
002013400 5
006570080 6
030412000 5
040013020 7
123004000 2
003201400 6
013004200 6
007500086 6
400130200 9
204000130 9
068705000 7
034020010 8
103000420 3
002034100 9
005086070 4
001200430 8
005680700 5
600780050 8
100032040 6
023140000 2
301000042 11
040213000 7
203041000 7
200103400 4
014230000 8
204000013 9
003014020 6
000002341 12
021403000 5
203040100 4
058000706 5
230400100 6
006008075 6
600008075 8
134020000 5
020103040 4
000421300 8
230000041 8
320000014 10
120403000 1
708500060 8
012300400 6
070508600 9
030120400 4
030040120 6
103020004 4
103004020 4
413000200 5
700658000 8
020030104 7
130000402 5
024000031 10
200003014 8
003024010 6
030040201 9
000004231 12
000067058 8
010320040 7
870006050 7
806007050 8
120043000 2
204000301 12
340120000 8
310020004 9
400000312 11
000241003 10
430200100 8
302100040 8
023004100 4
001243000 8
032040010 8
085060007 7
060850007 8
100240030 8
023400010 5
004300120 10
230000104 7
023100004 4
100004032 8
076805000 7
031000420 8
030100402 6
031004020 9
030040012 8
043201000 7
002401003 6
013020400 3
012040030 6
007506008 6
010240030 9
142003000 4
004012030 10
087500060 9
060780500 8
302004100 9
012043000 4
012000403 5
560800007 8
012304000 9
010300240 9
023010400 3
020031400 8
570060800 7
310400002 8
100020430 5
104300020 8
034020100 7
875000006 9
100030420 5
041020300 9
100034002 7
706805000 6
000007856 6
560080007 7
000032401 9
021430000 6
850600070 7
020140030 5
241000003 9
030204001 9
506008700 5
300140020 6
041302000 9
300004120 8
020103400 3
040100320 9
104020030 7
040120030 9
304000201 12
000130420 6
421000003 7
705006080 4
240100003 6
401302000 8
120003004 4
040023010 9
006700085 4
120030004 5
856000070 6
500070086 5
340001020 9
102000430 5
400021300 9
013024000 4
020014300 8
400000213 9
001024003 7
100034200 7
230010400 5
023000014 6
001003024 8
807050006 8
043002001 8
000030142 9
103000024 5
000023014 8
400000231 11
000870056 6
130040020 4
102030400 4
608050070 7
100002403 5
103020400 2
008060057 9
000043102 7
056008070 5
100030042 7
310240000 10
086070500 7
030002401 8
002003401 7
750080060 6
506000807 8
003010420 5
100204300 8
001040203 8
000120340 8
000065708 5
020300401 8
300104200 8
700580060 6
100300420 6
000056780 0
301004200 11
403201000 6
005800607 9
234010000 7
000312004 10
006057008 7
040210003 8
401023000 5
100204003 6
430201000 7
201003400 7
040023100 8
010300204 10
203040001 6
007006580 6
203001004 7
410003002 6
030120040 5
210003004 8
076058000 6
057060008 7
003201040 7
001230400 7
342000001 11
120340000 6
000210403 7
302000410 9
003240100 5
003102040 5
104020003 6
100402300 6
100423000 2
001040023 7
010400023 5
024000130 8
024100030 7
010423000 3
130042000 4
000050768 5
003140002 5
213000400 5
204300010 10
200030104 8
056078000 6
000068570 6
300402001 8
005760800 5
001042003 7
020003140 5
000500768 4
020040130 6
102034000 7
001024300 9
012000340 8
001023040 6
020143000 3
010300402 8
403001200 7
100032400 5
003102004 6
705000068 7
140200003 8
030021400 6
000006857 8
130002040 5
002403010 5
130402000 3
056000780 2
030100420 5
000143200 6
100430200 5
000068750 4
203400010 6
050070860 6
040130002 8
003104020 5
203010004 6
010032400 6
000420031 8
000870605 9
000013240 8
001000423 7
040013002 8
304200001 11
800700506 9
065007008 8
100320400 5
402030001 8
120300040 5
140000320 8
005700068 6
100200403 5
008000567 9
806005070 6
060007058 7
000140032 8
010300024 9
002304001 12
201400030 8
705600800 7
214003000 8
432000010 8
002143000 4
000301420 9
102003400 3
320010400 7
000201430 9
102000304 8
000420103 7
080570006 6
032410000 6
200004103 7
010400302 8
070860500 8
320100004 8
401200300 9
030010420 6
020013400 4
658000700 7
000670508 7
203001400 5
087005600 10
806705000 6
060005807 8
000560870 8
103002004 5
807650000 11
560080700 5
300100024 8
103400020 2
300200104 9
100004023 6
600075008 7
340002010 9
708000056 9
043001002 8
400010032 9
506000870 7
043120000 6
143200000 6
000140302 9
020014030 7
003002140 6
867500000 10
007500680 10
600008570 8
020040103 5
043010020 6
023014000 4
003040102 6
000085706 3
600075800 7
010000423 6
300004210 10
000021403 7
000850067 8
132000040 6
003104002 6
000570086 6
005600807 9
007850060 8
000412003 6
008050706 6
401300020 8
200134000 6
040300120 9
003400201 7
000301024 11
000103420 5
043100200 6
003004120 6
070008560 9
003104200 6
204001003 9
003400120 6
231000040 8
200040103 6
240013000 6
140002300 8
140300002 8
030100042 7
010030024 8
403012000 5
023010040 4
240003100 6
043200100 6
100040320 7
024000013 8
402030100 8
200030140 7
010002403 6
041200003 8
041000023 8
234100000 6
300140002 7
210004003 8
080706050 6
104030020 7
805600700 7
002100430 6
002041003 7
300102040 7
040003021 9
000300421 10
040020301 11
300102004 8
000340102 9
230004100 6
003001420 6
230000140 6
056800007 6
200010403 6
600580007 7
000568007 6
000075086 4
230040010 6
203000014 7
087500006 8
300040120 7
204003100 7
130200400 4
001304020 9
000243100 6
000014230 10
030020014 8
000200413 8
000705860 5
100234000 6
058000076 6
700008650 8
002030041 9
070580006 6
506087000 7
800600075 10
200100043 6
760008500 8
200104003 6
001200403 7
200140030 6
014020030 8
650000807 9
050760080 3
000875006 6
785060000 7
203004010 6
400130002 9
010030042 8
000085760 4
040203010 8
000204310 11
008500076 6
100002340 8
507086000 7
020040013 6
403000021 7
000657080 9
001004203 9
020000413 6
400200130 10
002130040 6
002103004 6
050700086 3
006008057 6
002104003 6
400031002 9
300012040 8
012000043 6
000423100 6
000765800 6
000432010 7
130024000 4
020403010 6
403120000 7
002403100 6
080067005 10
005706080 3
012040300 7
006050087 7
020100430 5
020400103 6
050007086 5
020030140 6
000143020 5
086570000 6
300024010 8
020004103 6
030241000 9
140032000 6
100340020 8
004000213 11
431020000 9
410300200 8
040230010 9
020010043 6
300021004 9
003002041 8
000020431 9
860700005 8
020013004 6
100002043 6
021000034 10
000421030 7
000086750 6
005007680 10
400120003 9
230004010 7
002030401 8
324100000 8
700500680 8
120003400 2
000034120 8
010403020 4
001004230 10
034120000 6
004102003 8
050006078 3
001234000 8
200103004 6
023004001 6
300042010 8
000708605 8
050706800 3
508076000 7
020340010 9
100342000 8
006800057 8
103040200 4
423001000 6
142000030 6
008500670 10
001403200 6
605700080 6
000068507 7
012030040 6
012003004 6
000056078 2
070506800 5
010020034 8
102300040 6
143000002 5
075800006 8
140000032 8
102040300 6
100304020 7
300040012 9
008060705 6
605700008 7
013020004 5
400210030 8
000010243 9
201400003 7
000076850 4
120000340 6
030214000 7
056700008 4
050680070 5
300021040 8
023040010 4
002003410 6
080507060 8
056087000 6
500076800 5
210400030 9
120300400 4
000030412 9
608700050 8
200014003 7
060580070 5
340020100 9
230410000 6
030401200 7
134002000 6
300240001 9
500067080 8
010043002 6
401230000 7
412000030 6
000403201 8
068000075 8
040321000 11
200413000 6
040020130 10
050760008 4
000030124 9
001002430 8
000230401 9
100020043 5
780506000 5
087600005 12
102004030 6
006008705 5
002403001 6
005006870 6
032000410 8
076000058 6
800006570 6
800076500 7
070685000 9
680000075 8
400003120 8
000234001 10
004030210 11
786005000 6
013040002 5
007586000 6
008060570 7
320100400 6
020010430 6
004003120 8
600850700 7
302400001 9
010430002 6
060007508 8
067005080 9
010320400 6
102043000 3
020003401 6
000607580 9
040231000 9
302140000 7
201000304 12
041300200 10
785600000 8
203401000 6
040010230 10
043010200 7
000032104 9
302410000 7
014300020 9
401002003 7
043200010 7
000200314 12
240010030 8
400013200 7
042100300 8
006785000 4
400013020 6
400203010 7
000240301 13
403200100 7
000321400 8
041000203 9
060800705 6
000410203 7
034100200 8
410000203 7
065070080 6
130200004 6
403000201 8
010000342 10
760000580 6
041023000 6
705006800 5
020043100 4
000508760 5
041203000 7
010030402 7
410030200 7
010204003 7
203000041 7
560070800 7
000024103 7
010042030 7
023001400 4
041003020 7
508000760 7
087506000 7
010034020 7
412003000 4
041020003 7
078065000 10
070068005 8
006750800 3
780060050 8
020000134 8
005007086 6
402300001 9
002040013 7
078500600 10
401030020 7
402100003 7
007800650 10
040002013 9
403010002 6
600580070 6
008700650 10
001020043 7
020003041 7
070008605 10
430102000 7
410300020 7
020043001 6
500086070 4
500608700 6
234000010 8
201003040 8
410030002 7
800005706 5
870060005 9
023040001 5
300140200 7
400012003 7
006705008 4
410002030 7
020031040 9
200003401 7
403002100 7
400310200 9
200010304 10
403000120 7
210403000 7
104003200 7
100320004 7
000124030 7
850060007 7
020401003 7
003240001 7
870500060 9
000014023 8
003102400 4
065087000 8
001203040 7
600008507 9
000021340 10
003002401 7
032000104 9
104030002 8
200410030 8
700608500 8
013002400 4
003400102 7
860000750 8
670000508 9
004100230 10
001003402 7
001023004 7
203140000 3
001430200 7
001400203 7
001420300 7
402003001 7
001420003 5
608000075 9
500708006 6
000134020 7
020041030 9
402100030 8
310020400 7
010000324 10
057006008 6
007800065 10
210030400 7
002010403 6
012003040 5
002341000 10
500006807 7
102000403 4
000342001 10
401020030 7
570080060 8
000423010 7
002140300 7
030010024 8
320000140 8
000203410 7
001000243 9
000213040 7
065708000 7
678000500 11
010230040 7
065070800 7
410000023 6
005060087 7
200403010 7
560000870 8
042013000 6
700860050 6
041030200 9
030100240 7
000123400 4
104032000 7
060087500 8
043102000 5
021000043 8
010032040 7
750006800 4
200034100 7
002013040 6
600850007 9
010200043 7
100043200 5
000403012 7
034001020 9
065870000 8
042010300 9
300120004 7
000010423 7
007060580 7
010300420 7
058700006 6
213000004 7
010003024 7
002001043 8
004203010 9
000300412 10
043002010 7
004010032 11
010002430 7
800756000 6
010004023 7
010400230 7
000402013 7
080056700 4
140003020 5
310402000 7
006085007 5
032001040 9
780000605 9
600508070 7
023400001 6
032400010 7
030002410 7
086057000 8
030012040 7
304100020 8
507000860 9
030042010 7
400102003 8
103200004 5
030400012 7
000004213 10
500800760 6
067050080 8
700080056 7
030402001 7
008600057 10
000431020 7
124030000 7
021040003 7
068005700 6
003000412 7
806507000 8
076008500 8
100420003 3
013200040 5
013040020 4
078005060 9
006500087 6
060000785 4
050780600 6
060085070 5
003012004 7
040130020 7
006580007 5
040000123 8
003001402 7
300204001 10
300210004 9
300012400 7
004001320 12
000200341 12
003042001 7
500807006 8
010023400 4
412300000 6
076500800 6
000214003 8
020000143 6
500700860 6
005860070 6
213040000 7
430001020 7
300210400 7
400210300 9
040012030 9
030200410 7
030240001 8
030210040 7
300010420 7
760000805 7
030001420 7
000120430 6
002430001 7
000420310 10
067800500 10
006075008 5
240000103 7
000780065 6
023000410 4
024103000 7
000140320 8
140300020 7
005600870 8
005067008 9
004000321 13
000413200 6
760085000 6
310400020 7
586007000 8
240030010 8
030001402 8
010234000 7
234000100 7
080050076 6
043002100 6
000403021 7
200100034 8
021300004 10
100403200 4
001030402 8
003040210 7
700865000 8
687000050 12
342000100 9
403020001 8
706005080 4
132000004 7
800605700 8
085700006 6
410302000 7
310040200 9
005600078 6
130002400 4
001040230 9
031402000 7
005670800 9
010302400 7
301200040 10
000312400 8
240010300 9
000142003 6
013200004 6
040302100 9
750006008 4
070600805 8
006578000 6
050080670 6
310000240 10
030421000 7
000024310 10
010040023 6
304000012 11
000130402 7
580060070 6
100300402 7
600057800 9
300042100 7
567000008 9
140002030 7
005070806 6
431000020 8
708560000 7
300210040 8
300420100 7
203004001 7
100040032 7
320400100 8
000401302 10
420031000 8
706058000 5
070005680 9
030040102 7
050607800 9
041002300 10
002001403 7
006070058 5
003010024 7
030100024 7
130000204 7
013000240 6
300104020 7
000807650 11
586070000 7
402100300 9
508070006 8
003004210 8
410020030 6
000020143 7
120030400 3
000102043 7
102040003 4
000010342 11
420100030 9
020140300 6
214300000 10
500600708 5
000023401 7
060708050 6
508706000 6
000103240 7
004103020 7
080000657 10
000124003 6
040123000 7
040003120 7
050670008 6
040103002 7
140030002 7
010020340 8
020010403 5
000806057 7
320000104 9
000403120 7
204030010 9
500706080 3
340100200 8
043020100 7
004020130 9
000013024 8
500080670 7
003000142 7
041000032 10
240100300 8
008650070 8
507006080 6
031200400 8
007806005 8
700850060 6
302010040 9
240010003 7
075080600 9
340010200 9
100230040 6
608070500 10
705600080 6
002003140 6
700060508 6
506078000 7
100004203 7
058706000 7
058700060 7
507600800 9
608500070 8
204130000 7
240030100 7
007860500 9
000075608 9
001023400 5
040203100 7
060750008 4
003010240 7
231040000 9
210004030 9
002004130 8
300240100 7
201040300 10
065800007 8
200430100 7
400100320 10
000078065 8
580600070 7
042000013 8
401300200 9
200001403 7
230040001 7
213000040 6
605800070 8
200400103 7
200040013 7
007056080 4
200043001 7
024010300 9
200140300 7
050086070 3
003420001 7
600000758 5
860070050 8
021000403 7
043210000 6
040100023 7
312400000 8
124003000 6
320001040 9
006058007 5
140000023 6
506000078 5
040132000 7
410002300 8
805060700 6
780006005 8
500070860 7
003012040 6
002000143 7
002400103 7
080005670 9
030200041 9
002043001 7
001032040 8
002013004 7
600080075 7
020104030 6
700060058 5
001003240 8
020400031 9
000001342 12
403100020 6
006850007 7
342100000 8
410203000 5
020400130 7
006800570 6
078060005 9
004320100 9
300010240 9
005786000 4
020430010 7
085076000 6
020403001 7
850000760 6
030102004 7
080567000 7
765800000 8
104030200 8
000043012 8
007860050 8
008705600 8
004200013 10
070600085 9
005800067 8
058006700 6
000780056 8
300020140 7
003401020 5
750068000 6
708600500 9
080700605 8
004203001 10
000800756 6
000130240 8
004201003 10
004210030 10
014203000 9
040030210 10
001240300 11
001003042 8
040001203 10
040023001 10
310040002 9
300241000 10
031240000 10
240031000 10
006005807 7
004231000 10
040031200 10
400301200 10
320000410 8
067500800 8
000607085 9
400001230 10
240030001 9
400030201 10
400201300 10
400200031 10
400200310 10
241300000 10
241000030 10
001240030 10
041000230 10
241000300 11
030010204 9
041200300 10
400321000 10
420001300 10
042031000 10
341000020 10
001340020 10
670008500 10
240001300 10
008007560 10
010030420 6
420003010 7
005006078 4
040301020 10
700065800 7
041000320 10
700560008 5
020004310 9
041300002 10
040030021 10
400300021 10
067000508 9
400301002 10
401000302 10
000850670 8
400001032 10
000003214 10
008500706 5
400020301 10
200004031 10
043000201 9
402003100 7
006070085 5
400002031 10
005870060 8
430020010 8
004003012 10
500867000 8
040030012 10
400120030 10
320004010 9
800650070 8
400300120 10
400100032 10
070605080 8
040310002 10
040010032 10
004002013 10
506700008 5
040012300 10
004003201 11
400102300 10
001324000 10
004032010 10
040032001 10
000570608 9
020003410 5
400302001 10
004003021 10
805006070 6
010203004 7
210040030 10
210400300 10
201300040 10
200041030 10
201004030 10
000100423 6
014003020 7
231004000 10
200401300 10
130000042 6
200400031 10
000067085 8
021340000 10
060000875 8
020301040 10
021000340 10
020040031 10
300001402 9
000058670 8
034000102 9
021004300 10
000756080 1
020400301 10
031200004 10
000200431 10
000031240 10
000560708 3
068570000 8
001300240 10
001030204 10
300040021 9
600508007 8
001200034 10
031000042 10
000301402 10
000001432 10
000031042 10
031000024 10
050700680 7
007050068 9
000031024 10
400300012 10
000002431 10
008060075 7
060005708 4
401002300 9
010043200 6
104000023 7
006807005 8
001042030 8
301004020 10
301420000 9
067500008 8
031024000 10
031004002 10
607008500 11
020004301 10
000041032 10
007050860 7
001004032 10
001040302 10
600800057 10
040010302 11
705086000 5
005708060 7
000402301 10
302040010 9
000586700 2
001342000 10
001004320 10
085070006 7
200310040 10
800056070 6
700508006 6
210340000 10
007000685 11
080067500 8
000056087 6
300400012 8
000310420 8
708006500 7
210300004 10
000076058 4
057000680 8
210000034 10
000310240 10
001000234 11
010000234 10
087005006 8
750008006 6
000210034 10
010200304 10
007005860 8
010240300 10
310000042 10
000310042 10
000506870 7
010340002 10
000310024 10
070005806 6
200003104 7
000400132 10
004012300 11
000400312 10
014000032 10
807560000 9
706050800 4
010004302 10
050860700 4
807005006 9
000042310 10
750600800 6
007050806 6
010002304 10
014000320 10
410020300 7
312004000 10
341002000 10
080705600 7
070506080 4
706085000 5
301002040 10
508067000 9
100020304 8
013000420 4
800000756 7
310002004 10
310004002 10
700005086 4
080000756 6
007060508 8
785000006 7
800065007 9
320040010 10
342001000 10
302001040 10
000680750 6
302040001 10
070060850 6
302000401 10
003100204 7
342000010 10
002340010 10
050060078 4
302004010 10
204310000 11
000302401 10
030402100 7
300002041 10
304002010 10
403020100 6
000500876 8
340000012 10
004200310 12
340002001 10
700608005 8
300004012 10
050080067 8
300040102 8
340001002 10
000341002 10
000580067 8
403001002 7
032000041 10
032001004 10
857000060 10
008706005 8
032004001 10
032000014 10
500007806 7
002034010 10
086700005 6
012400300 6
500007860 8
006000587 7
000032041 10
870000065 10
304010002 10
000875060 7
000314002 10
310200004 10
300001240 10
000070865 7
870000560 10
010403002 5
300021400 7
300200014 10
600008057 8
030001204 10
301000204 12
300001024 10
700850006 5
314000020 10
605708000 8
410000032 8
310024000 10
003210400 5
401000230 9
304001020 10
014300002 10
056780000 4
000341200 10
040020031 10
301040002 10
000058706 5
023400100 4
706005800 5
001043020 6
300004021 10
000078506 7
065000870 8
340000210 10
034000021 10
340020001 11
000034210 10
007608500 10
031002400 8
304010200 10
034021000 10
065008070 7
034001200 10
020041300 10
002314000 10
002304100 10
302000104 10
507060800 8
001302004 10
600800705 7
004200130 10
567080000 9
001002034 10
070008506 8
000576800 6
000008576 6
000012034 10
000302104 10
000002134 10
014002300 10
080060570 6
004002130 10
001020304 10
104000302 10
130004200 6
040000132 10
314002000 10
004302100 10
000057806 7
085000607 9
040320100 10
040300102 10
060078050 7
002003104 7
000304102 10
001304002 10
020310004 10
050600078 5
320001004 10
432010000 7
008006705 7
000300124 10
130000240 6
806700005 7
000200134 10
700080065 7
201000403 8
000100324 10
600708050 7
014320000 10
706000580 5
004100320 10
007600580 8
140203000 7
024003001 10
040320010 11
200010034 9
204030001 10
040001320 11
600050087 9
204001030 10
750000860 6
200340010 10
201400300 9
000043120 6
240310000 10
240300001 10
200130040 6
240000031 10
000340021 10
580700006 6
400012300 9
024300100 10
314200000 10
100400320 6
680005007 8
400302100 10
304201000 10
024031000 10
204301000 10
506070800 6
020304010 10
020034001 10
200314000 10
200300014 10
200001034 10
301204000 10
200301004 10
200300041 10
200341000 10
000210340 10
310040020 8
023000041 6
420100300 10
042000310 10
042001300 10
003041200 7
002300014 10
002300041 10
605070080 7
002010304 10
002004310 10
000506807 6
000600578 6
002001340 10
001003204 9
000241300 12
420000310 10
020000341 10
024000301 11
000021034 10
020100340 7
500607008 8
024310000 10
324001000 10
080560070 5
800076005 7
320004001 10
580670000 8
400200103 9
004320010 10
006005708 3
304020001 10
800657000 10
605800700 7
034002001 10
003020104 6
080750060 7
301020004 10
002301004 10
560078000 8
001200340 10
060080507 7
014200300 10
201304000 10
870050006 7
200400310 10
650000870 8
000012340 10
800506007 6
002040301 10
005008670 8
004010230 11
006057080 6
004023001 11
004230001 11
030200140 7
004201030 11
040030201 11
040001230 11
040120300 10
000241030 11
000075068 8
040201300 11
240301000 11
213004000 6
004031200 11
000605780 5
120003040 3
040301200 11
570860000 8
057008060 9
400300201 11
400020310 11
201340000 11
341000200 11
004310200 11
013004002 6
400320001 11
001300204 11
050700608 6
060850700 6
341000002 11
007080560 9
020413000 5
001340002 11
760080005 7
870065000 10
000675008 8
004301020 11
006708005 6
001032400 7
567000080 8
003024100 5
040300021 11
040301002 11
070086005 8
004031002 11
007068005 9
040001032 11
058600070 7
030401002 7
000060578 5
400002301 11
780500006 6
080006075 7
032100040 7
040300012 11
705008006 7
400120300 11
400300102 11
040002031 11
000758006 6
400100302 11
000507806 8
705000680 7
806570000 7
004010320 11
500007086 6
312000040 8
065800070 7
003001240 8
004310002 11
004302010 11
000007586 8
104002030 8
004032001 11
500670800 9
040302001 11
700006805 5
201000340 11
875000600 11
201000034 11
200041300 11
760080500 7
200040031 11
500806700 4
201004300 11
200400301 11
321040000 11
321000004 11
004023010 10
020341000 11
002031004 11
421030000 7
020040301 11
020041003 8
000132040 7
000765008 6
000301240 11
104300200 9
230100400 4
000031204 11
204300001 11
800760500 9
500780600 7
301200004 11
000201034 11
001200304 11
400021003 7
000301042 11
001000342 11
076000580 6
301000024 11
001000324 11
000040231 11
042030001 9
301024000 11
000041302 11
030200104 8
001004302 11
000040321 11
000042301 11
057600080 7
042000130 8
001002304 11
000007685 10
200310004 11
050060087 6
210000304 11
004312000 10
000030214 11
310000204 11
006508070 5
065000780 4
204010300 10
000010234 11
000210304 11
000010324 11
000040312 11
014000302 11
076005800 6
000014302 11
320040001 11
007500608 9
000506780 1
002340001 11
000123040 5
006870050 6
102004300 7
058007006 8
302000041 11
430002100 8
300004201 11
087560000 8
065078000 8
302004001 11
800507600 10
302000014 11
120004003 4
560000780 4
000300142 10
000302041 11
304002001 11
300000241 11
500876000 6
800700560 10
068057000 8
300001204 11
600570008 7
314020000 11
314000200 11
000567008 8
030041020 7
340000201 11
000340201 11
040103020 6
000304021 11
000203014 9
304000210 11
075600080 7
420300001 10
000304210 11
320100040 7
034000201 11
000034201 11
050807600 9
142300000 6
004000132 11
000057860 8
004100302 11
040021300 10
000020314 11
500080607 8
214000300 11
024300010 11
320400001 10
024030001 11
005006807 7
204000310 11
204000031 11
800007056 8
086700500 8
020431000 7
200340001 11
506780000 5
670080050 10
024301000 11
024013000 8
705860000 7
020304001 11
200001304 11
067080500 9
200000341 11
000040213 9
300040210 9
023041000 6
006078005 7
402300010 8
700600085 8
000201340 11
203001040 6
042000301 11
060000578 6
002000314 11
321400000 10
750008060 7
403210000 5
002000341 11
002001304 11
002004301 11
040031002 10
004021030 10
004020310 11
058000760 6
000024301 11
230000410 6
010432000 5
700605800 8
004320001 11
700500068 6
004300210 12
301020040 9
004030201 12
800570060 8
004001230 12
002014003 7
040300201 12
040000231 12
000240031 12
043000120 6
043000102 7
050078600 8
000240310 12
040020310 12
004301200 12
040320001 12
004300021 12
040000321 12
067008500 10
040001302 12
004001032 12
007006805 7
000024031 12
030200014 9
700085006 5
004002031 12
040002301 12
000057068 8
004010302 12
010020043 6
004002310 12
008700506 9
310000024 10
200040301 12
065000708 5
321004000 12
000300241 12
001030240 9
060500807 8
300201040 9
013000204 7
000301204 12
000001234 12
000004321 12
420310000 8
000300214 12
230001040 7
000004312 12
057008006 8
000002314 12
000304201 12
000204301 12
586700000 6
004300201 13
004000231 13
000430210 8
000700586 6
002400031 8
004001302 13
004002301 13
004100023 8
050006780 1
024001003 8
006050780 1
020100403 4
000050786 1
000060785 5
005006780 2
806000750 7
050060780 2
050000786 2
050006708 2
060050780 2
430002010 7
007005806 7
003100024 6
006750080 2
700600805 7
006005780 2
700056080 2
000756008 2
760000508 7
000060758 3
008065070 8
013402000 3
000500786 2
005600708 5
000005786 2
570600080 7
000006758 2
506000780 3
200000143 7
006800075 6
500086700 3
500060780 3
500000786 3
056080700 3
005086700 3
005060780 3
005000786 3
050007608 8
085000760 6
005006708 3
750006080 3
506000708 4
050786000 3
001040032 9
050076080 3
050806700 3
600870500 9
050080706 3
020010034 8
600050780 3
010230400 6
004010203 10
060057800 8
080060057 8
001300402 9
058670000 8
000768005 6
005687000 8
706050080 3
006705080 3
006750008 3
800007605 11
008600750 6
006500708 3
050006087 5
006058700 3
203000140 5
008050760 7
600705080 5
680700005 8
807056000 7
006050078 3
705806000 6
700056008 3
000705086 3
786000005 7
000706058 3
080506700 3
320004100 8
600805007 8
200004310 10
000586070 3
000580706 3
060507080 8
506700080 4
500786000 4
500760080 4
050800706 4
500706800 4
500700086 4
500706008 4
500080706 4
860007500 10
706008005 7
023000140 4
500060708 4
000856700 4
500006078 4
000760850 4
756000080 4
056070080 4
070065800 8
056800700 4
042030010 8
080500067 7
050607080 8
000067850 8
005076080 4
005760080 4
005700086 4
005706008 4
657000008 9
085006700 4
004200301 13
005600780 4
650000780 4
080507600 9
005060708 4
750086000 4
060050708 3
050760800 4
010002043 7
068500700 6
750000086 4
050780006 4
200400013 8
005760008 5
700800605 9
200300104 9
031040020 8
304021000 11
050070086 4
050700806 4
000080765 5
050806070 4
050080076 4
200100304 9
050086007 4
050008706 4
050080760 4
005708006 6
050870060 7
000650780 4
002014300 9
050680700 4
608500700 7
050600708 4
403000102 8
050068700 4
600500780 4
058070600 9
000706805 4
600005780 4
234001000 8
060008705 6
800700056 8
600050708 4
760050080 4
060750800 4
060580700 4
057060080 6
700685000 8
060500708 4
100230400 5
060058700 4
060000758 4
500008607 9
143000200 5
200104030 7
060050078 4
004000312 13
320041000 10
006758000 4
076050080 4
706500080 4
500708060 7
706050008 4
006075080 4
400302010 9
006700850 4
006700058 4
006508700 4
420130000 8
006580070 4
001304200 10
006500078 4
560070080 6
086005700 4
600070580 9
050800067 7
006805700 4
300000214 11
005060807 8
006080705 4
000006785 4
006005078 4
070560080 5
058006007 8
006058070 4
060508070 6
070050086 4
041000302 11
508700006 7
401200030 8
031004200 10
700006580 4
400002130 10
700856000 4
850070600 9
700050806 4
000030241 11
000705806 4
000750860 4
000785006 4
008060507 8
000850760 6
008506700 4
080560700 4
806057000 9
080500706 4
004200031 12
070805006 7
004123000 8
000086570 4
000580076 4
000320410 8
304102000 8
000586007 4
000508706 4
007060085 9
600750008 5
080057060 9
000580760 4
000568700 4
800750060 8
000102304 10
000576008 4
000006578 4
080005706 4
000085076 4
560700080 5
300010042 9
506070080 5
021004030 9
586000700 5
506080070 5
580706000 5
800075060 8
000576080 5
000067580 8
080075600 8
500076008 5
500760800 5
500760008 5
070005068 9
508006700 5
580060700 5
580000706 5
500806070 5
100420300 5
500086007 5
600085007 7
020001034 9
500008706 5
500080760 5
500068700 5
002000431 9
500060078 5
800005760 6
680050070 8
756000800 5
056708000 5
056070800 5
000708065 7
856000700 5
058060070 6
050600870 7
006850700 5
058070060 8
003002104 7
056800070 5
001024030 8
056080007 5
010030204 9
075006080 5
708000506 8
705060080 5
705000086 5
805700006 7
705006008 5
005780006 5
403200001 7
005076800 5
005070086 5
000587006 8
005076008 5
000765080 5
605007008 9
014300200 10
805006700 5
085060700 5
102430000 3
005860700 5
130400200 4
032040001 9
005806070 5
103000240 5
005800706 5
301000240 11
805060070 7
005086007 5
000867500 8
078506000 7
005080076 5
600507800 10
005008706 5
800706500 8
005080760 5
004130200 9
005000768 5
805067000 9
750800060 7
065080700 5
008605700 8
005068700 5
005060078 5
750080006 5
050087060 7
057800060 9
750600080 5
500000768 5
600758000 6
056700080 3
605000780 5
750000806 5
056000078 4
050708006 5
204030100 8
140020003 7
050780060 5
050876000 5
605000708 6
050006870 5
050070806 5
050700860 5
050768000 5
004003210 10
500700608 7
410320000 8
050700068 5
750860000 6
850706000 5
100243000 6
800056700 5
850000706 5
000806750 5
140002003 6
000856070 5
200030041 9
003410200 5
850006070 5
000056807 7
050800760 5
050860070 5
050800076 5
050806007 5
050008076 5
050687000 7
700050086 3
050008760 5
500680070 6
005768000 6
650080700 5
650000708 5
080765000 7
058060700 5
050068070 5
600750800 5
001403020 5
013002040 5
700608050 7
500087060 8
600580700 5
076800050 7
600085700 5
007056800 5
600005708 5
500687000 8
430000210 8
302014000 9
600050078 5
800065070 8
050008067 7
000806075 7
760500080 5
003200014 8
786050000 7
760050800 5
760050008 5
060785000 5
780060500 7
060075080 5
050080607 7
204300100 9
034001002 10
060705800 5
010040032 8
060705008 5
060700850 5
800000567 9
060758000 5
060700058 5
000800765 6
001204300 10
060500078 5
060080705 5
003401002 6
060005078 5
068050700 5
006780050 6
020001304 10
060008750 5
300020410 7
060058070 5
070080506 7
650087000 8
076050800 5
100024003 5
706500008 5
706000085 5
706005008 5
706850000 5
000321040 9
412030000 5
006780005 5
000750608 7
006075800 5
006700805 5
006070850 5
006708050 5
001340200 11
806500700 5
100040302 8
086500070 5
006570008 5
870500600 10
030401020 6
060870050 7
400312000 8
006000578 5
002431000 8
007086500 7
005087600 9
806005700 5
000560780 2
560700008 6
870600005 10
600005870 8
086005070 5
006080075 5
020130004 6
080705060 6
020030041 8
000086705 5
012004003 6
042300001 10
850000067 8
000040123 7
007506080 5
000078056 8
007056008 5
070006580 5
007850006 7
070050806 5
070005086 5
005067800 9
700508060 7
070006058 5
700060580 5
020001403 6
700000586 5
700500806 5
700806050 5
700060850 5
700005806 5
006507800 8
700050860 5
002304010 11
000070856 5
000076805 5
100030024 7
024001300 10
000760805 5
080705006 5
300002014 10
304000021 11
000076508 5
800560700 5
070000856 6
034200001 10
800506070 5
007506800 6
020043010 5
300010204 10
800500706 5
300401020 7
060750080 3
008056700 5
008560700 5
870000056 8
080006750 5
076008050 7
080056070 5
080500760 5
003201004 8
080006570 5
650700800 6
080500076 5
007060805 8
080506007 5
000080576 5
000506087 5
008005706 5
201000430 9
050600807 8
132400000 4
080005076 5
085000076 6
020014003 6
080005760 5
000805760 5
708600050 8
670000580 8
056007008 6
008060750 5
030400201 8
056870000 6
000068705 5
560780000 6
560700800 6
560080070 6
560000078 6
586000070 6
705680000 7
506008070 6
850670000 8
076085000 6
580760000 6
500780060 6
807060005 10
570086000 6
570060080 6
570006800 6
031204000 9
570000086 6
000076580 6
500006870 6
500070806 6
240100030 7
300120400 5
508060700 6
006008570 6
508006070 6
000508670 9
765000080 6
508000706 6
140200300 10
580600700 6
401003002 7
580000760 6
580006007 6
500860070 6
000080756 7
500800076 6
500008076 6
410023000 4
780050006 7
700068005 7
003200104 7
500008760 6
210003400 6
060070805 7
500006087 6
500600078 6
756800000 6
756008000 6
056000087 6
700050068 7
402300100 9
600007850 8
002100340 8
000065780 4
856700000 6
006800750 6
506800070 6
006850070 6
075086000 6
075060080 6
412000003 5
000214300 10
075006008 6
000705608 8
103240000 5
608705000 8
785006000 6
010034002 8
705000806 6
050000876 6
805706000 6
300002401 9
085760000 6
005780060 6
700000865 7
005876000 6
065780000 6
065700800 6
756000008 5
005700860 6
700650800 7
785000060 8
085600700 6
050608007 7
080065700 6
024100003 6
100300024 8
085060070 6
031420000 8
085006007 6
065800700 6
007650080 8
000865700 6
005800760 6
005800076 6
760500800 6
005008076 6
005006087 6
000560807 7
605080700 6
060070850 6
005608700 6
000600785 6
070000586 6
000005768 6
005068070 6
750800006 6
508000607 10
500060087 7
050067008 8
000320401 9
750600008 6
850700600 8
050078006 6
850076000 6
050870006 6
000056870 6
050007806 6
000050687 9
000086057 6
765008000 8
040002103 8
001020430 7
230001004 8
000057086 6
567000800 9
050087006 6
000068075 6
004300102 11
058760000 6
568000070 8
050070068 6
304000102 10
004030012 11
850700006 6
001430002 7
800006750 6
100030204 8
670000058 8
007080506 8
800050706 6
000320014 10
850600700 6
850060070 6
005067080 8
850000076 6
000850076 6
000004132 10
050860007 6
000008756 6
042001003 8
006007580 8
008506070 5
650780000 6
042003010 7
002410003 5
650070080 6
650800700 6
650008700 6
650080070 6
075000068 8
005678000 8
650000078 6
060500780 3
000650078 6
420000301 11
680000750 8
058600700 6
086500700 4
050680007 6
870050060 8
201000043 9
050000678 6
032400001 8
000680570 8
003200140 6
600075080 6
030240100 6
200043100 5
600058700 5
600705800 6
050678000 7
068500070 7
600700085 6
600705008 6
000786050 7
000003124 8
600700850 6
680500700 6
600508700 6
085000067 8
421300000 8
680005700 6
600805700 6
065000078 6
000065870 8
060807050 8
600085070 6
800005076 6
600080705 6
000008765 6
600005078 6
243000010 6
608050700 6
600008750 6
760500008 6
607000805 10
042300010 9
010304002 9
001204030 9
760005800 6
056008007 6
850070006 7
760000085 6
760005008 6
760000058 6
605700800 7
060070085 6
086750000 6
060075008 6
010320004 8
600708500 8
068750000 6
060070058 6
060570008 6
060805070 6
000867050 9
060080075 6
060085007 6
060080750 6
060058007 6
076580000 6
076850000 6
076000850 6
706080500 6
000021043 8
706000508 6
000708506 8
600870050 8
004020301 12
706080005 6
200304001 10
706800050 6
706008050 6
021300400 8
086075000 6
000786005 6
000085067 10
006875000 6
140000203 7
006005870 6
000432001 8
006070805 6
400130020 8
000076085 6
006007850 6
006078050 6
006708500 6
050006807 6
765000008 7
006007058 6
003021400 5
006070508 6
003241000 8
860500700 6
420000103 7
340210000 10
806500070 6
003012400 5
086000750 6
600000857 9
304020010 9
086050070 6
706500800 5
060800075 7
086000570 6
086500007 6
006508007 6
008070560 9
000320140 8
600805070 7
050068007 6
002001430 8
006080507 6
800670005 11
568700000 8
006587000 6
006507008 6
700005068 8
806000705 6
030240010 7
750806000 5
086005007 6
080006705 6
204100003 7
210040300 11
000086075 6
800005607 11
705060800 6
650800007 8
057086000 6
065007080 7
400001320 10
057006800 6
007560080 6
705000608 8
080600057 9
800060705 8
007856000 6
500860700 5
070006850 5
007006058 6
002034001 11
070560800 6
402030010 7
100000324 9
705800006 7
200300410 8
700605080 7
200040310 11
500070608 8
600057080 8
070560008 6
650700080 5
070500806 6
870056000 6
010200034 9
003004102 7
070806050 6
000608750 5
070850006 6
850006700 4
070006805 6
070085006 6
005607800 10
103400002 3
023100400 2
780560000 6
085706000 5
780006500 6
000786500 6
700086050 6
000760580 6
700805006 6
700600580 6
700500860 6
867005000 12
010003240 7
700568000 6
070060805 7
700806005 6
030000214 10
700600850 6
780005006 6
040230001 10
700085060 6
700600058 6
007065080 8
650070008 7
000876500 6
060070580 8
000876005 6
000005876 6
780056000 6
800705006 6
008705006 6
870005060 9
050706080 2
008760050 6
000400231 10
076508000 7
060805700 5
000768500 6
001402003 6
040000312 12
000700568 6
876000050 8
010302040 8
008756000 6
008006750 6
008500760 6
010402003 5
100302040 7
008006570 6
008506007 6
080560007 6
080076500 6
006870005 7
067080050 10
078500006 8
080006507 6
000860570 6
000800576 6
400100203 9
000006587 6
000578006 6
080005607 10
000560087 6
008005076 6
310420000 8
030004201 10
000685700 6
060078500 8
008005760 6
080000765 6
000608705 6
060570080 7
068700005 8
560007080 7
800067005 11
058060007 7
560800070 7
020300410 7
560008070 7
067000085 8
576080000 7
075000608 9
576000800 7
080007506 8
576000008 7
006570800 7
506007800 7
506000087 7
506007008 7
805076000 7
508060007 8
506870000 7
586000007 7
506800007 7
506008007 7
508760000 7
580070006 7
500078006 7
800005067 10
507006800 7
657000080 8
600700058 6
507000086 7
001240003 9
000865070 7
570080006 7
000042103 7
000580670 8
000567800 8
004031020 10
570060008 7
750800600 8
607080500 10
570000806 7
000070586 7
000570806 7
000042013 8
500870006 7
500060870 7
500087006 7
670800005 10
058006070 7
002410030 6
608750000 7
508600700 7
000860507 7
010020304 9
508006007 7
432000100 9
500860007 7
070060580 6
500608070 7
014030002 9
040310200 10
080060075 8
807506000 8
500680007 7
500670008 7
500000678 7
500068007 7
856070000 7
006050870 7
670058000 10
006805070 5
068700050 7
304001200 11
860050700 7
500768000 6
085600007 8
060800750 7
508000076 7
060850070 7
075060800 7
075060008 7
402010300 8
075000806 7
300200041 10
705600008 7
700060085 7
700065008 7
705068000 7
085700060 7
005087006 7
605780000 7
065070008 7
000708560 7
005070068 7
800065700 7
423000001 7
805000760 7
805000076 7
805006007 7
080605700 7
085600070 7
080065070 7
080060705 7
041002030 9
010200340 9
000860705 7
605000078 7
750080600 7
065080007 7
000685070 7
000680705 7
005608070 7
005680007 7
000605078 7
070800650 9
401030002 8
005000678 7
758000006 7
700058006 7
070650080 7
860750000 8
700650008 7
700058060 8
750608000 7
423000010 6
030002140 7
750000608 7
020003104 6
008750006 7
708050060 9
058070006 7
204103000 6
000708056 7
065000087 8
000758060 7
050078060 7
103002400 3
050708600 7
680570000 8
000201304 12
000507086 7
000050876 7
050060807 7
005670080 8
203100004 5
050007860 7
050070608 7
600087500 9
800706050 7
860075000 8
800750006 7
850700060 7
800060750 7
312000400 7
800006705 7
800050076 7
800050760 7
800650700 7
003240010 6
500076080 4
050867000 7
570008060 9
008050076 7
300014002 9
008600705 7
050600087 7
070060085 8
000658700 6
050067080 7
008000756 7
650708000 7
001200043 8
650070800 7
650800070 7
650080007 7
680000705 7
324000010 10
314000002 11
800006507 7
008650700 7
050607008 7
680705000 7
000012430 8
000675080 7
600070085 7
600700508 7
870506000 7
042100003 6
076008005 8
100034020 6
680050700 7
680500070 7
104300002 9
006080750 5
600000578 7
600058007 7
760508000 7
003142000 4
768050000 7
760008050 7
060708005 7
560000087 8
060780050 7
060005870 7
060007850 7
005080706 4
060070508 7
302001400 9
085006070 5
060578000 7
060508007 7
100302400 6
080756000 5
060587000 7
010042003 6
060500087 7
060507008 7
806000507 8
860005070 7
002043100 5
860000705 7
005078600 9
060805007 7
060008075 7
500700806 5
060005087 7
040302010 10
670005800 8
068000705 7
068005070 7
400301020 9
068050007 7
076080500 7
076000805 7
876050000 7
786000500 7
706008500 7
706080050 7
680750000 8
706800005 7
080607500 9
086070005 7
080706005 7
006807050 7
006007805 7
200030014 9
006087005 7
806070050 7
006870500 7
004302001 12
006078500 7
000004123 8
058076000 8
400023010 8
086000507 7
500708600 8
006008507 7
006800507 7
506070008 6
060050087 8
570600008 8
600070058 7
006087500 7
006080057 7
000870506 7
800576000 6
806000075 7
658070000 9
057806000 7
057060800 7
007580006 7
067500080 7
000567080 7
007560800 7
007560008 7
007000586 7
007806050 7
007060850 7
007085006 7
007060058 7
010024030 7
070806500 7
008006075 8
070508006 7
070600580 7
070060508 7
070500860 7
070568000 7
068007500 10
057080006 7
070500068 7
430100002 8
070860050 7
130240000 6
070800056 7
850007006 8
070600850 7
587006000 8
070005860 7
000400123 8
070085060 7
000310204 11
070600058 7
708056000 7
750680000 6
780006050 7
780500060 7
002401300 8
600008705 7
500060807 8
080706500 7
000780506 7
700860500 7
700008506 7
002004031 10
875006000 8
700080560 7
070800065 9
007500068 8
700580600 7
403000012 7
700600508 7
700068500 7
760805000 7
700000568 7
700860005 7
700805060 7
700850600 7
010400032 7
708005006 7
700085600 7
008750600 9
700000658 7
080600075 9
560870000 8
103420000 1
080076050 7
000807056 7
010204300 9
000075806 5
800075006 7
800705060 7
000750086 2
080075060 7
805000067 9
000705680 7
104302000 8
800506700 4
000780605 7
080760050 7
008760500 7
000070568 7
800060570 7
800560007 7
800000576 7
008056007 7
008560007 7
042100030 7
008076500 7
008570006 7
000421003 6
008000576 7
030024001 8
008006507 7
400000321 11
080600750 7
040200031 11
080006057 7
080060507 7
000340120 8
320001400 8
076000508 7
080070506 7
070608005 9
080507006 7
000060587 7
000578060 7
607800005 11
000608570 7
100300042 8
000508067 7
800000765 7
403002010 6
600570080 8
806005007 7
560007800 8
507060008 8
005806007 6
576800000 8
007065800 9
000700865 6
006500870 8
758006000 8
000806705 6
578006000 8
580007006 8
500700680 8
507080006 8
500670080 8
506080007 6
570680000 8
570000680 8
570600800 8
570000860 8
000570860 8
760800005 8
500870060 8
401000320 9
000570068 8
508600070 8
580000670 8
065007800 8
600587000 8
000014032 10
000342010 9
580067000 8
104000320 9
500800067 8
500678000 8
500608007 8
004021300 11
500800670 8
680005070 7
860500070 7
000500678 8
006857000 8
030001024 9
006050807 8
580006070 5
040013200 8
608000705 8
856007000 8
080650700 8
060050870 8
806700050 8
600050870 9
410300002 8
806050007 8
050008607 8
020010340 8
600800750 8
600850070 8
060005780 3
075860000 8
031000240 10
075008006 8
075080060 8
075680000 8
401200003 7
075000680 8
075600800 8
075600008 8
070065008 8
204013000 7
075068000 8
087056000 8
780065000 8
705800060 8
605080070 7
050076008 4
705008060 8
103024000 3
705080600 8
402000103 8
705608000 8
068075000 8
076050008 5
000760085 6
700060805 6
005700680 8
805070006 8
420010030 8
800765000 8
805700060 8
567008000 10
600500708 5
085070060 8
080760005 8
085700600 8
005078060 8
010003420 5
080700056 7
600007058 8
650008070 7
005708600 8
860000570 8
340020010 10
005087060 8
685700000 8
605007080 8
605070800 8
605070008 8
008076050 8
005007068 8
005070608 8
865000070 8
805600070 8
020100043 5
805060007 8
080605070 8
320401000 9
080065007 8
500007680 10
008706050 7
085067000 8
010040320 8
000860075 8
000865007 8
005867000 8
005600087 8
806750000 7
000065087 8
080600705 8
605008070 8
068000570 8
100040023 5
605080007 8
065008007 8
001034002 9
410020003 5
000085670 8
000023410 6
000680075 8
000685007 8
006800705 5
005608007 8
576008000 8
005800670 8
401002030 8
005080607 8
000005678 8
005607008 8
003000421 7
100420030 4
000104302 10
005008067 8
000058760 6
758000060 8
012400003 4
600080570 7
070058006 8
700008056 8
004102300 10
750008600 8
140030020 6
670050080 8
070050680 8
070650008 8
700050608 8
070050068 8
008700056 8
120400003 2
000321004 10
058700600 8
000758600 8
300200410 8
850070060 8
057800006 8
007005086 6
050870600 8
003002014 8
080570060 7
000650870 8
300201004 10
410003020 5
050670800 8
050000867 8
057000860 8
050087600 8
000700658 8
057000068 8
068000057 8
800706005 8
000231004 10
800600750 8
850600007 8
850067000 8
780050060 8
806075000 7
050800607 8
000650087 8
310200040 9
230001400 6
086705000 5
000657008 8
060800507 8
050000687 8
070000685 10
650078000 8
650007800 8
058000670 8
058600007 8
057680000 8
058067000 8
058000067 8
000058067 8
400010302 10
600708005 8
670085000 8
580700060 7
670000085 8
102003040 4
000075680 8
000204031 11
000675800 8
800007065 10
600070805 8
600007085 8
000060875 7
670000850 8
060800570 7
600078050 8
000670058 8
600700580 8
680500007 8
600578000 8
006500807 7
600500087 8
000320104 9
670500008 8
040300210 11
600507008 8
600800075 8
600005087 8
768500000 8
760800500 8
760080050 8
760008005 8
768005000 8
500600807 9
768000050 8
860570000 8
103400200 3
060078005 8
060870005 8
060007805 8
060087005 8
067000850 8
300000412 9
068700500 8
067000058 8
850006007 6
060008507 8
060080057 8
040210300 10
860000075 8
030020410 6
860005007 8
068005007 8
000068057 8
876005000 8
076800005 8
805670000 9
008507006 8
301400002 9
876500000 8
786000050 8
080076005 8
086070050 8
806070500 8
006807500 8
020304100 9
860500007 8
086007500 8
000600758 4
857006000 8
057600800 8
057068000 8
087006500 8
007806500 8
000012304 11
007580060 8
607500080 8
067000580 8
400003102 9
007500860 8
067800050 9
007568000 8
000750680 8
807006050 8
007800056 8
010420300 6
007600850 8
